00000000 00000000 0000001b 756e6547 6c65746e 49656e69
00000001 00000000 000806c1 00100800 7ffafbbf bfebfbff
00000006 00000000 0017eff7 00000002 00000009 00000000
00000007 00000000 00000002 f3bfa7eb 18c05fde fc100710
00000007 00000001 00000000 00000000 00000000 00040000
00000007 00000002 00000000 00000000 00000000 00000001
0000000d 00000000 000002e7 00000a88 00000a88 00000000
0000000d 00000001 0000000f 00000998 00003900 00000000
00000014 00000000 00000001 0000004f 00000007 00000000
80000000 00000000 80000008 00000000 00000000 00000000
80000008 00000000 00003027 00000000 00000000 00000000
80000021 00000000 00000000 00000000 00000000 00000000
